# Dark matter spike values considering an initial  : sNFW: density (GeV/cm^-3), radius (Rs)
# MassBH=4000000.0 (M_sun) ,a=15.000000000000002 (kpc) ,Mh=1500000000000.0 (M_sun)
# 07/13/2022, 00:35:44
   0.00000    4.00000
1743128020818688512.00000    4.83131
3617624293992650752.00000    5.83538
4327749986704505344.00000    7.04812
3925957111356534784.00000    8.51291
3420807448005339648.00000   10.28211
2738555193301437440.00000   12.41900
2022093846579937024.00000   15.00000
1251837419242905088.00000   20.00000
335379815529745664.00000   40.00000
79543353201010448.00000   80.00000
47981280255644680.00000  100.00000
3528555123602276.50000  316.22777
248059111280715.03125 1000.00000
5875198865534.89160 5000.00000
2485808796425.10400 7071.06781
1160917993493.92383 10000.00000
27931913011.48450 50000.00000
12245545151.81867 70710.67812
5386509363.16468 100000.00000
125607103.09211 500000.00000
54023266.42569 707106.78119
24484810.05354 1000000.00000
594471.62792 5000000.00000
260340.32630 7071067.81187
116526.59827 10000000.00000
 786.64922 50000000.00000
 555.51156 70710678.11865
 392.07418 100000000.00000
