# Dark matter spike values considering an initial  : Hernquist: density (GeV/cm^-3), radius (Rs)
# MassBH=4000000.0 (M_sun) ,a=20.0 (kpc) ,Mh=1000000000000.0 (M_sun)
# 07/13/2022, 00:35:44
   0.00000    4.00000
836931822646983168.00000    4.83131
2620139399495416320.00000    5.83538
3909049237168176128.00000    7.04812
4279848146944673280.00000    8.51291
3959371898212328448.00000   10.28211
3302536434819299840.00000   12.41900
2572844365651840512.00000   15.00000
1613987497264550144.00000   20.00000
416830400915682816.00000   40.00000
92717397871197072.00000   80.00000
56284595877629328.00000  100.00000
4058492466950204.00000  316.22777
281340095072650.78125 1000.00000
6623700617890.05566 5000.00000
2951971283938.80664 7071.06781
1315422527980.21899 10000.00000
30794875605.52482 50000.00000
13718761526.56704 70710.67812
6111489536.61080 100000.00000
143009639.21283 500000.00000
63708938.69997 707106.78119
28381728.24170 1000000.00000
664295.24083 5000000.00000
295959.96941 7071067.81187
131860.16805 10000000.00000
 786.89970 50000000.00000
 555.76151 70710678.11865
 392.32339 100000000.00000
