# Dark matter spike values considering an initial  : Power-law: density (GeV/cm^-3), radius (Rs)
# MassBH=4000000.0 (M_sun) ,a=20.0 (kpc) ,Mh=1000000000000.0 (M_sun)
# 07/13/2022, 00:35:44
   0.00000    4.00000
510433024466320768.00000    4.83131
2006671538968899328.00000    5.83538
3357686273468789248.00000    7.04812
3980659671881519616.00000    8.51291
3922346114659805184.00000   10.28211
3448688872324956672.00000   12.41900
2809911588534614528.00000   15.00000
1864380789496667904.00000   20.00000
526730981281833664.00000   40.00000
122921776390874464.00000   80.00000
75361294069930064.00000  100.00000
5585763536573636.00000  316.22777
390642355659670.43750 1000.00000
9226321435049.52539 5000.00000
4112750960514.47510 7071.06781
1832933564016.35938 10000.00000
42917432880.14551 50000.00000
19118886964.09575 70710.67812
8516919293.02877 100000.00000
199248112.06164 500000.00000
88755567.71756 707106.78119
39536307.27185 1000000.00000
924847.78865 5000000.00000
411973.14428 7071067.81187
183513.26429 10000000.00000
 789.16125 50000000.00000
 558.02127 70710678.11865
 394.58063 100000000.00000
